# nnz :199
# rows :100
# colums :100
0 64 1
0 73 1
1 24 1
1 63 1
2 23 1
2 77 1
3 39 1
3 42 1
4 32 1
4 80 1
5 65 1
5 99 1
6 47 1
6 56 1
7 13 1
7 59 1
8 61 1
8 97 1
9 10 1
9 36 1
10 9 1
10 38 1
11 24 1
11 58 1
12 40 1
12 91 1
13 7 1
13 21 1
14 57 1
14 93 1
15 29 1
15 56 1
16 49 1
16 66 1
17 58 1
17 77 1
18 34 1
18 71 1
19 81 1
19 83 1
20 57 1
20 75 1
21 13 1
21 73 1
22 82 1
22 89 1
23 2 1
23 48 1
24 1 1
24 11 1
25 28 1
25 87 1
26 30 1
26 69 1
27 46 1
27 54 1
28 25 1
28 33 1
29 15 1
29 65 1
30 26 1
30 41 1
31 44 1
31 76 1
32 4 1
32 46 1
33 28 1
33 52 1
34 18 1
34 68 1
35 90 1
35 98 1
36 9 1
36 84 1
37 45 1
37 52 1
38 10 1
38 87 1
39 3 1
39 91 1
40 12 1
40 94 1
41 30 1
41 93 1
42 3 1
42 85 1
43 55 1
43 74 1
44 31 1
44 78 1
45 37 1
45 72 1
46 27 1
46 32 1
47 6 1
47 85 1
48 23 1
48 60 1
49 16 1
49 67 1
50 60 1
50 79 1
51 98 1
52 33 1
52 37 1
53 84 1
53 94 1
54 27 1
54 72 1
55 43 1
55 70 1
56 6 1
56 15 1
57 14 1
57 20 1
58 11 1
58 17 1
59 7 1
59 89 1
60 48 1
60 50 1
61 8 1
61 86 1
62 92 1
62 95 1
63 1 1
63 71 1
64 0 1
64 68 1
65 5 1
65 29 1
66 16 1
66 67 1
67 49 1
67 66 1
68 34 1
68 64 1
69 26 1
69 79 1
70 51 1
70 55 1
71 18 1
71 63 1
72 45 1
72 54 1
73 0 1
73 21 1
74 43 1
74 95 1
75 20 1
75 80 1
76 31 1
76 96 1
77 2 1
77 17 1
78 44 1
78 92 1
79 50 1
79 69 1
80 4 1
80 75 1
81 19 1
81 96 1
82 22 1
82 90 1
83 19 1
83 88 1
84 36 1
84 53 1
85 42 1
85 47 1
86 61 1
86 88 1
87 25 1
87 38 1
88 83 1
88 86 1
89 22 1
89 59 1
90 35 1
90 82 1
91 12 1
91 39 1
92 62 1
92 78 1
93 14 1
93 41 1
94 40 1
94 53 1
95 62 1
95 74 1
96 76 1
96 81 1
97 8 1
97 99 1
98 35 1
98 51 1
99 5 1
99 97 1
